0b000001 0b000101 10000 100 16777216 0 1461588 1408764
0b000401 0b000501 10000 100 16777216 0 1461769 1408764
0b000101 0b000401 10000 100 16777216 0 1466888 1416924
0b000101 0b000401 10001 100 16777216 1466888 1455024 1416924
0b000401 0b000501 10001 100 16777216 1466888 1760692 1408764
0b000501 0b000001 10000 100 16777216 0 3740333 1416924
0b000301 0b000201 10000 100 16777216 0 3928169 1408764
0b000201 0b000301 10000 100 16777216 0 3929126 1408764
0b000601 0b000201 10000 100 16777216 0 4167262 1416924
0b000701 0b000201 10000 100 16777216 0 4472001 1416924
0b000401 0b000501 10002 100 16777216 3227580 1424573 1408764
0b000001 0b000101 10001 100 16777216 3740333 1494343 1408764
0b000501 0b000001 10001 100 16777216 3740333 2570444 1416924
0b000701 0b000301 10000 100 16777216 4472001 2196853 1416924
0b000001 0b000101 10002 100 16777216 6310777 1429106 1408764
0b000301 0b000601 10000 100 16777216 3928169 4097220 1416924
0b000201 0b000601 10000 100 16777216 3929126 4098719 1416924
0b000601 0b000301 10000 100 16777216 4167262 4097067 1416924
0b000101 0b000401 10002 100 16777216 5234676 3317049 1416924
0b000501 0b000001 10002 100 16777216 6310777 2848106 1416924
0b000401 0b000501 10003 100 16777216 8551725 1454276 1408764
0b000001 0b000101 10003 100 16777216 9158883 1461383 1408764
0b000501 0b000001 10003 100 16777216 9158883 1472463 1416924
0b000101 0b000401 10003 100 16777216 8551725 2355896 1416924
0b000201 0b000701 10000 100 16777216 8027845 2919510 1416924
0b000301 0b000701 10000 100 16777216 8025389 3269757 1416924
0b000701 0b000601 10000 100 16777216 6668854 4999558 1408764
0b000501 0b000001 10004 100 16777216 10631346 1555541 1416924
0b000601 0b000701 10000 100 16777216 8264329 3985862 1408764
0b000001 0b000101 10004 100 16777216 10631346 1714193 1408764
0b000101 0b000401 10004 100 16777216 10907621 1451873 1416924
0b000401 0b000501 10004 100 16777216 10907621 1827024 1408764
0b000001 0b000101 10005 100 16777216 12345539 1461538 1408764
0b000101 0b000401 10005 100 16777216 12359494 1466967 1416924
0b000401 0b000501 10005 100 16777216 12734645 1461738 1408764
0b000501 0b000001 10005 100 16777216 12734645 1463824 1416924
